xmin xmax ymin ymax
1347 1588 332 793
1570 1773 313 693
1367 1500 185 484
1249 1350 55 257
1677 1826 267 585
1217 1301 16 191
1471 1545 60 264
1168 1224 1 53
1371 1596 330 788
1586 1762 308 664
1247 1342 38 255
1360 1545 240 469
1237 1333 27 164
1735 1802 284 437
1477 1586 75 279
846 1049 296 864
1446 1566 181 398
1462 1567 61 266
1250 1345 55 253
1214 1296 19 183
1564 1762 322 758
1715 1824 270 510
1734 1920 415 772
1163 1249 1 81
1563 1814 346 746
903 1020 86 437
1431 1549 174 397
1476 1588 75 285
1253 1341 56 254
1713 1825 281 426
1239 1299 33 114
1165 1273 69 197
1165 1225 1 80
1731 1920 423 775
1566 1805 341 754
1633 1769 243 462
843 953 44 359
1425 1548 166 407
1738 1920 464 772
1243 1351 53 253
1356 1445 1 131
1161 1279 13 189
1179 1239 1 54
1245 1305 43 105
1568 1803 348 749
1425 1556 189 406
869 953 3 246
1247 1346 62 237
1170 1264 10 173
1266 1299 67 105
1474 1547 101 207
1185 1242 1 53
1628 1832 317 690
1367 1565 217 467
1174 1280 24 201
1250 1346 57 250
1074 1136 1 103
1310 1378 18 89
1287 1624 390 912
1366 1505 176 459
1239 1328 44 255
1221 1301 20 168
1177 1244 1 57
1581 1822 306 711
1388 1532 199 427
1224 1306 22 224
1262 1349 51 227
1582 1790 296 709
1417 1549 198 489
1242 1324 41 255
1236 1307 20 154
1570 1803 296 727
1406 1577 218 426
1271 1383 59 250
1192 1285 21 192
1573 1832 313 742
1451 1642 183 398
1270 1378 59 245
1191 1274 19 189
1168 1207 3 42
1854 1920 440 596
1579 1795 293 716
1428 1547 175 409
1263 1373 53 215
1190 1292 19 186
1666 1854 296 693
1360 1519 164 407
1271 1383 53 239
1382 1449 5 140
1192 1285 100 205
1547 1760 261 705
1382 1537 176 479
1264 1357 53 207
938 1002 1 187
1234 1289 82 153
1192 1266 110 196
1055 1129 1 105
1532 1764 259 705
1400 1541 161 468
1261 1350 54 249
942 1008 1 188
1236 1298 75 148
1072 1136 1 92
1193 1266 107 196
1577 1770 261 689
1453 1567 185 401
1254 1341 50 248
1186 1269 107 185
882 934 1 152
1003 1081 1 83
1357 1503 157 467
767 885 115 440
1259 1354 132 288
1221 1318 67 201
860 932 1 179
1361 1512 170 453
855 981 47 302
1246 1367 67 194
1258 1341 3 78
1440 1521 140 226
1180 1271 95 182
1381 1519 159 471
1293 1391 57 202
1422 1532 131 253
865 926 1 125
1181 1283 93 208
1239 1311 95 169
1328 1399 5 108
1290 1350 1 103
1128 1180 1 74
1385 1520 167 474
1282 1392 66 200
1151 1265 30 166
842 904 1 123
819 1072 428 990
1352 1601 336 841
1574 1781 309 723
1352 1564 232 413
1236 1341 90 258
1195 1273 43 165
1243 1325 60 166
1234 1312 23 106
857 1134 472 1032
1357 1580 332 833
1578 1773 307 719
1426 1554 179 411
1243 1349 89 258
1216 1285 53 170
1254 1363 49 155
1257 1305 20 92
874 1116 438 1026
1391 1638 359 839
1594 1796 321 722
942 1073 15 322
1391 1516 162 470
1206 1290 54 198
1154 1257 94 244
921 1165 503 1055
1498 1736 367 831
1660 1847 307 695
1421 1544 162 412
916 1016 20 328
1226 1303 43 212
839 914 1 149
1245 1318 26 110
945 1236 546 1056
1480 1675 338 824
1612 1802 307 701
1429 1558 170 457
898 983 1 268
1232 1301 46 214
1391 1470 1 133
1077 1393 456 1003
1481 1728 367 793
1662 1804 303 693
1414 1558 172 402
896 981 1 274
1227 1309 46 215
1381 1458 1 136
991 1057 1 75
1230 1306 26 100
1254 1577 392 890
1599 1798 320 718
1738 1918 368 674
1376 1527 189 430
1227 1310 44 218
1055 1116 13 102
1254 1472 357 872
1417 1546 201 432
1242 1308 44 200
1066 1144 5 115
1606 1797 323 716
1235 1298 1 45
1172 1225 1 44
1781 1920 458 726
1205 1458 358 876
1607 1799 322 717
1418 1563 205 407
1237 1314 42 225
1059 1122 11 127
1776 1920 441 727
1255 1491 380 867
1601 1797 316 711
1377 1528 200 399
1237 1320 35 237
1064 1125 7 94
1255 1482 357 874
1602 1799 316 720
1399 1545 185 407
1230 1330 45 212
781 864 1 154
1769 1920 439 733
1057 1123 1 113
1236 1313 28 115
1251 1481 361 872
1586 1772 297 694
862 971 27 353
1420 1544 172 392
1240 1314 49 202
1059 1158 26 133
1251 1468 360 870
1589 1759 302 696
1757 1920 424 716
1429 1558 190 434
1219 1340 97 240
1284 1353 63 164
1242 1297 27 111
1070 1131 9 125
1313 1631 340 830
1588 1775 297 693
1358 1478 112 454
1434 1555 171 423
1270 1378 59 220
1221 1306 46 207
1073 1137 1 123
1236 1308 25 107
1652 1750 231 374
1336 1522 309 800
1422 1530 113 317
1439 1563 176 387
1579 1667 167 385
1264 1388 76 218
1245 1323 25 100
1592 1789 300 693
1228 1318 55 174
1070 1136 2 120
1346 1568 351 827
1593 1774 294 687
1414 1506 107 410
1441 1568 187 408
1301 1388 71 246
1237 1303 39 252
1352 1433 64 170
1075 1133 4 109
1314 1602 370 846
1428 1550 177 417
1421 1498 114 307
1241 1303 56 252
1300 1389 58 200
1245 1290 26 96
1071 1140 5 120
1605 1775 301 697
1314 1579 368 859
1592 1786 296 689
1391 1537 164 433
1240 1302 42 246
1297 1385 55 202
1425 1519 109 251
1238 1296 28 107
1071 1134 6 113
1547 1764 369 808
1393 1535 195 426
1300 1406 59 181
1233 1299 48 209
1426 1507 106 262
1075 1129 9 120
1257 1308 27 103
1755 1914 353 641
1539 1729 330 774
1399 1541 209 423
1430 1515 115 277
1307 1408 73 199
1138 1227 42 169
1135 1181 6 105
1235 1300 30 127
1748 1893 350 648
1516 1788 357 757
1413 1550 199 457
1279 1374 61 241
1422 1515 110 284
1172 1262 43 169
1757 1910 336 640
1535 1788 357 755
1393 1539 214 445
1277 1386 62 247
1125 1227 41 166
1422 1511 119 275
1239 1317 34 166
1509 1608 118 303
1737 1905 335 644
1569 1802 381 837
1400 1530 202 466
1427 1518 113 273
1232 1299 51 200
1294 1381 53 183
1518 1598 122 256
1540 1791 361 758
1397 1540 198 405
1430 1517 112 274
1298 1385 58 198
1228 1297 46 198
1751 1909 361 644
1516 1607 116 258
1536 1779 359 757
1412 1541 223 478
1430 1518 110 284
1287 1395 77 207
1236 1306 49 230
1506 1611 126 253
1763 1920 335 633
1268 1323 28 116
1542 1755 355 792
1388 1529 189 469
1303 1411 74 246
1217 1299 40 186
1448 1531 113 208
1748 1916 352 649
1516 1603 128 250
1267 1319 31 113
1536 1762 344 761
1410 1539 205 421
1242 1326 48 241
1427 1518 111 267
1173 1229 49 165
1685 1781 251 458
1540 1747 332 759
1425 1555 187 403
1415 1508 111 311
1259 1344 51 242
1167 1248 45 171
1657 1790 226 406
1525 1601 124 270
1438 1514 79 176
1541 1735 326 758
1412 1560 197 406
1415 1528 118 299
1262 1351 58 220
1686 1773 236 393
1170 1258 47 164
1536 1601 140 232
1542 1765 338 770
1438 1613 201 426
1649 1763 237 412
1258 1361 45 193
1188 1261 49 178
1556 1789 345 742
1754 1907 338 644
1454 1595 185 435
1654 1780 227 461
1205 1327 81 250
1211 1272 49 122
1557 1747 324 745
1457 1636 209 445
1242 1341 51 257
1666 1783 227 398
1523 1599 129 214
1753 1907 345 638
1553 1757 332 742
1442 1562 184 422
1671 1781 231 411
1203 1293 47 198
1265 1372 71 220
1502 1620 128 255
1753 1901 324 646
1551 1761 332 744
1730 1890 316 615
1441 1544 172 427
1275 1385 74 211
874 957 1 182
1210 1286 46 186
1519 1593 133 291
1666 1790 229 416
1551 1753 327 745
1710 1877 304 626
1447 1549 179 417
1208 1312 39 194
1686 1790 234 332
1531 1616 127 249
1206 1249 9 45
1561 1781 346 785
1449 1571 192 421
1237 1327 45 252
1463 1537 89 272
1209 1276 41 172
1645 1776 224 442
1171 1236 1 51
1560 1771 348 785
1398 1521 174 406
1642 1768 224 432
1249 1329 35 245
1207 1280 45 184
1508 1605 109 250
1170 1227 1 46
1551 1761 333 742
1400 1516 182 419
1253 1321 37 235
1209 1279 51 177
1515 1614 124 249
1655 1752 227 401
1150 1227 2 51
1578 1805 335 744
1382 1505 169 469
1649 1755 228 439
1111 1179 21 155
1199 1273 45 167
1190 1262 1 54
1509 1592 119 269
1004 1169 86 480
1733 1897 354 707
1357 1483 152 471
1636 1741 220 460
1142 1208 44 164
1119 1176 1 93
823 965 59 451
1702 1880 305 648
1358 1501 181 472
1631 1762 220 467
1158 1258 43 174
1085 1151 24 126
736 814 78 403
1499 1631 113 262
1399 1524 157 390
1707 1867 308 597
812 933 72 425
902 984 23 372
1356 1508 171 474
1630 1771 220 466
1164 1274 39 179
1397 1541 166 374
1492 1594 112 312
825 949 71 423
1708 1880 310 595
1362 1519 180 471
1634 1768 228 471
868 968 13 354
1162 1247 36 172
1227 1303 13 154
1494 1583 108 256
1396 1529 164 375
1707 1861 310 595
1351 1508 172 477
872 986 16 305
1633 1774 215 469
1089 1248 34 184
1231 1313 15 157
853 933 1 230
1495 1620 110 326
1399 1531 157 387
1711 1858 309 597
1364 1498 172 470
1636 1760 209 469
1184 1296 75 207
862 955 1 216
1297 1383 1 102
1229 1298 28 111
1365 1512 179 473
1713 1854 311 593
1636 1744 210 463
858 947 1 210
1189 1280 44 174
1247 1299 27 148
1505 1611 103 277
1366 1526 193 462
1713 1854 310 589
1145 1226 43 168
1228 1299 39 149
1376 1436 41 105
1715 1857 284 596
1369 1489 169 467
1455 1536 79 209
1219 1305 49 167
610 958 437 1056
1365 1490 184 474
1718 1860 309 594
1232 1312 48 197
1358 1536 154 336
1224 1320 16 111
832 1002 77 480
1353 1498 194 476
1718 1852 318 591
1238 1304 46 256
1355 1505 176 318
1716 1871 311 589
1356 1493 180 464
1230 1311 54 249
1363 1495 151 283
1272 1306 22 72
1068 1128 1 106
1386 1532 176 473
1279 1410 115 391
1229 1307 53 189
1719 1864 305 597
1251 1305 18 93
930 1054 72 458
1343 1481 162 472
1237 1319 51 251
1704 1858 305 593
1248 1322 23 115
1387 1505 196 470
1135 1241 31 167
1236 1312 53 255
903 963 1 119
838 890 1 98
1715 1868 319 593
1264 1314 26 111
1211 1267 2 50
1713 1893 324 596
1359 1524 173 463
816 873 1 113
1370 1422 18 141
1249 1372 82 209
1232 1292 61 136
1257 1303 15 59
1362 1510 193 480
1188 1295 38 258
817 897 1 118
1306 1372 26 102
1209 1241 48 90
1720 1883 314 593
1083 1136 1 42
1346 1478 164 479
1204 1303 59 258
1061 1155 21 128
820 887 1 107
1717 1858 306 602
1351 1480 173 477
1703 1870 325 575
807 886 5 119
1347 1466 153 479
1679 1808 271 553
806 883 1 119
932 983 1 118
1342 1483 145 467
1663 1839 273 562
810 884 1 128
1359 1466 305 466
821 886 1 111
1660 1786 241 577
1188 1283 58 167
1229 1283 11 85
1362 1472 294 463
1209 1283 49 171
1187 1251 1 84
1419 1475 55 136
840 919 1 127
928 994 1 114
1360 1498 284 464
1174 1254 43 171
1216 1264 5 55
1403 1476 27 120
912 972 1 106
850 913 1 136
1195 1289 48 212
1354 1466 311 475
1209 1269 7 66
914 981 1 113
836 923 1 137
757 897 84 496
1358 1498 225 474
1240 1302 53 266
835 896 1 117
902 966 1 150
1240 1307 22 85
871 1075 174 697
1399 1542 180 473
851 933 1 207
927 1005 1 179
1230 1315 51 235
1260 1316 13 97
1044 1459 682 1056
1397 1550 185 466
928 997 1 215
864 933 1 207
1237 1313 54 257
1070 1459 667 1056
1399 1551 180 467
918 1001 1 217
1163 1257 49 169
836 915 1 137
1069 1459 907 1056
1389 1543 174 472
845 904 1 126
875 961 1 253
1167 1263 36 180
1049 1360 549 1056
1377 1527 176 468
863 963 35 337
1167 1257 38 172
870 927 11 102
895 1058 113 566
1397 1519 190 505
856 932 62 351
1141 1218 44 162
1075 1145 4 113
922 977 78 191
914 1002 4 69
868 1024 54 450
1383 1522 185 488
816 888 37 259
1150 1244 41 184
1006 1077 1 67
1079 1155 1 127
888 1024 14 346
1371 1525 177 490
810 883 36 267
1234 1306 1 162
1167 1253 45 172
884 927 4 110
1085 1170 3 124
784 1045 428 1052
919 1085 200 649
1379 1527 179 468
922 1024 46 311
1235 1315 50 211
1239 1305 2 80
24 378 436 959
611 880 587 1056
922 1104 180 671
1409 1558 187 474
1224 1306 46 195
1278 1354 10 120
1224 1285 8 89
996 1420 679 1051
1 337 542 948
888 1110 320 897
1414 1566 184 471
1228 1301 54 187
1287 1354 10 109
1223 1274 3 94
876 1215 740 1056
873 1064 322 846
1416 1586 197 476
1476 1570 77 226
585 861 497 1056
1405 1468 50 124
1260 1571 458 1039
954 1305 673 1048
927 1144 132 630
1416 1559 201 469
916 1023 73 325
1481 1569 77 225
1448 1501 68 129
1110 1388 338 955
1348 1614 320 907
856 999 23 363
1383 1518 185 474
1481 1584 83 250
1437 1497 59 162
1408 1463 44 120
1220 1620 398 957
831 1039 291 785
1535 1667 249 646
830 937 15 332
1350 1479 184 437
1210 1302 51 183
1472 1567 84 251
1530 1610 116 258
1340 1400 6 104
883 936 1 115
1591 1839 288 742
1395 1532 207 435
848 944 28 334
914 992 19 292
1479 1574 71 255
1209 1295 55 196
1560 1647 132 263
990 1046 1 66
1267 1342 11 142
1393 1473 49 142
1581 1804 289 736
1361 1519 219 524
822 958 46 340
1157 1236 41 178
1554 1642 136 272
1478 1568 87 245
1344 1421 15 135
1260 1321 11 137
1098 1150 7 140
1233 1283 8 139
1057 1111 9 110
1581 1794 262 734
822 963 43 336
1382 1535 186 430
1184 1269 38 187
1073 1141 1 125
1466 1546 77 212
972 1049 1 75
1366 1443 13 130
1583 1801 273 731
834 977 57 321
1406 1540 196 457
1144 1258 41 173
1242 1319 22 151
1391 1458 19 126
1587 1795 277 733
1366 1508 163 469
843 992 57 323
1149 1238 41 171
1239 1303 20 163
1468 1542 63 232
1302 1368 27 101
1590 1806 268 731
1679 1855 293 681
870 980 33 323
1442 1562 185 398
1173 1298 48 177
1238 1308 17 111
1291 1349 24 113
1202 1255 1 50
1584 1802 275 735
843 984 16 319
1446 1564 191 406
1209 1311 49 211
1257 1315 29 115
1199 1247 1 49
1306 1353 35 113
1749 1915 370 676
1600 1831 272 727
1411 1560 171 481
1785 1920 386 667
1228 1303 44 189
909 990 1 163
1299 1354 28 104
1231 1304 23 93
1583 1854 289 731
1409 1562 174 477
1785 1917 398 674
1235 1300 52 256
1093 1185 1 131
1228 1311 22 107
1298 1367 33 115
1009 1055 1 53
1702 1867 287 625
1353 1485 169 478
1786 1915 377 658
1187 1272 50 181
1526 1621 100 273
1350 1409 32 98
1258 1307 3 98
1205 1269 1 62
1389 1527 171 462
1188 1269 44 165
1268 1332 31 132
841 905 1 103
1377 1432 40 113
1532 1632 107 262
1746 1897 327 624
1789 1920 394 677
1353 1479 183 467
1182 1268 45 170
1267 1331 23 128
798 857 1 124
852 901 1 102
1331 1395 9 102
1532 1620 113 251
1744 1902 338 651
1348 1480 193 483
1181 1272 45 184
823 908 1 105
1304 1364 21 107
1363 1412 16 100
1524 1632 100 257
1735 1895 344 644
1724 1911 339 635
1349 1476 180 480
1183 1271 46 170
838 908 1 103
1521 1634 111 266
753 916 105 507
1708 1855 299 605
1347 1473 183 479
1635 1731 206 400
1182 1285 38 171
1331 1388 1 97
1528 1615 111 238
802 863 1 103
1373 1517 185 468
883 973 2 237
1442 1531 60 153
1168 1269 46 172
1205 1271 1 53
1290 1346 9 110
812 854 1 110
1373 1534 169 468
1162 1277 36 179
854 922 1 164
981 1049 1 67
831 893 1 115
1203 1272 1 93
1258 1313 3 148
1308 1377 1 89
1365 1421 1 131
1432 1509 51 166
488 923 446 1056
162 489 360 950
971 1210 366 891
865 1019 223 680
1399 1521 167 476
865 942 1 184
1194 1266 50 177
1390 1460 32 131
1731 1915 337 619
1 281 431 948
809 997 100 608
1034 1255 519 894
905 1183 746 1056
1397 1528 164 467
1142 1222 43 162
1117 1178 1 129
1718 1883 319 616
844 1044 553 1056
1 254 605 961
644 924 716 1055
1392 1530 162 472
854 991 1 266
1229 1292 1 141
1182 1258 41 173
1689 1871 316 595
29 397 527 990
266 570 493 987
1288 1531 294 845
1391 1527 172 393
1234 1299 56 259
1287 1346 1 106
1217 1280 13 73
1537 1754 275 734
1393 1538 193 487
898 998 1 237
1232 1299 51 202
1218 1288 9 93
3 246 587 931
886 929 3 111
1031 1075 2 50
851 1258 414 1038
1565 1756 269 702
1381 1552 201 478
1240 1306 57 254
1227 1281 1 175
1010 1092 6 79
39 344 398 962
1557 1742 256 700
1434 1542 177 400
1241 1307 49 220
900 962 1 159
1234 1289 2 107
55 386 424 998
1562 1773 269 700
1401 1545 169 474
1218 1303 46 243
900 973 1 133
1227 1304 7 84
1557 1780 269 700
817 955 46 480
1434 1557 182 394
1196 1278 44 173
1311 1374 3 88
1567 1768 275 705
1406 1554 184 460
878 990 67 374
1180 1268 50 171
1253 1335 49 160
1557 1769 271 697
1368 1508 159 477
885 993 35 309
1239 1301 51 257
1277 1332 32 128
1347 1495 162 473
856 975 37 315
1237 1309 50 254
1278 1331 31 118
1645 1755 202 428
1662 1851 275 602
1392 1553 175 467
913 1030 2 330
792 927 36 331
1228 1313 1 165
1151 1217 36 174
830 900 1 102
1061 1393 858 1056
1365 1497 163 469
804 954 59 351
1259 1335 2 163
1137 1220 46 161
1158 1248 1 51
1149 1372 793 1053
1355 1489 165 466
807 932 56 346
886 963 1 122
1130 1207 42 159
1151 1232 3 41
1319 1568 723 1056
1380 1531 174 472
886 993 1 248
1127 1216 38 161
1140 1239 1 57
1110 1168 1 53
1361 1484 164 471
1167 1296 49 176
1241 1303 1 124
1174 1239 1 89
1028 1081 3 70
1279 1632 723 1056
1073 1119 1 45
1353 1496 174 473
1270 1610 707 1056
1181 1265 38 163
1207 1264 3 108
1285 1343 7 98
1410 1475 15 119
1073 1143 11 100
1381 1537 189 463
1151 1234 41 172
1259 1348 2 131
1290 1640 730 1056
1046 1118 2 108
1398 1445 18 130
1385 1536 185 485
1138 1242 42 171
1122 1184 6 118
1296 1635 734 1056
1389 1537 179 478
801 892 1 215
1144 1250 38 157
1283 1366 24 123
1172 1557 768 1055
1190 1544 715 1056
1377 1546 187 476
879 979 28 307
1160 1262 45 171
1264 1337 32 148
892 977 1 81
1194 1542 719 1053
1388 1544 184 471
899 1007 28 319
1215 1303 50 255
1278 1337 27 152
934 1003 1 70
1187 1550 723 1052
1403 1528 165 471
754 849 65 455
907 1010 16 322
1186 1292 65 219
1274 1358 25 118
929 1019 1 72
928 1184 257 815
1175 1541 776 1056
1404 1533 171 472
1235 1368 319 549
897 1006 45 333
1220 1295 52 222
1276 1330 27 160
932 1012 1 74
270 675 526 1056
1178 1545 760 1053
1372 1543 190 469
905 1020 46 340
1234 1299 58 246
887 963 17 241
1278 1347 29 110
1154 1549 748 1056
1366 1542 192 475
900 1018 46 343
1225 1311 53 218
1278 1352 28 112
876 985 1 238
1179 1557 753 1056
1367 1557 187 477
901 1023 41 336
1273 1349 28 128
1211 1293 41 176
892 986 1 166
1181 1552 747 1056
875 1033 119 533
1360 1512 176 471
888 978 1 189
1214 1305 51 197
1264 1342 20 116
1330 1527 292 795
1248 1573 716 1056
1375 1522 186 424
860 978 11 325
1242 1317 21 154
1561 1778 326 751
834 977 28 439
1377 1521 208 469
1218 1301 53 251
1350 1774 776 1056
1247 1326 23 123
1339 1723 741 1056
1555 1749 300 728
853 982 45 397
1381 1518 198 423
1180 1249 48 172
1270 1332 33 146
1570 1761 305 724
1438 1710 756 1056
841 957 3 353
1377 1530 201 428
1211 1288 52 168
1278 1340 30 114
1390 1707 772 1056
1551 1749 295 718
810 951 1 328
1387 1559 225 418
1204 1289 43 195
1264 1343 23 123
1554 1752 295 716
818 949 1 328
1424 1567 182 472
1206 1286 44 198
1445 1524 67 267
1101 1396 713 1056
1569 1776 298 705
1166 1387 730 1046
801 946 4 327
1448 1598 188 435
1477 1554 90 246
1214 1281 45 186
1114 1393 735 1056
1575 1768 301 710
1448 1619 202 427
844 969 1 330
1201 1280 43 169
1489 1568 95 253
1572 1769 300 706
1138 1394 720 1056
807 948 1 336
1395 1556 172 472
1212 1295 46 213
1467 1546 80 233
1570 1770 298 703
819 945 1 338
1416 1547 164 467
1202 1286 42 208
1499 1585 92 249
1127 1419 731 1056
1572 1792 318 715
1249 1545 401 875
1450 1582 194 523
845 965 8 350
1457 1552 249 423
1204 1277 50 175
762 846 265 361
1010 1052 6 60
1521 1589 95 197
1211 1445 390 907
857 997 19 363
1418 1562 188 446
1158 1250 41 175
1780 1920 400 706
1194 1452 462 918
832 941 24 338
1417 1568 187 417
1153 1263 51 184
1264 1329 16 132
1490 1588 103 210
1786 1920 390 685
1198 1454 441 920
1389 1545 211 463
829 927 1 268
1202 1285 72 202
1264 1323 16 119
1775 1918 359 658
1490 1599 94 222
23 339 471 977
1456 1736 413 832
1372 1513 189 420
1240 1307 47 255
767 849 1 144
1258 1319 19 85
1510 1626 121 249
822 858 17 89
1387 1451 39 125
443 811 516 1056
1568 1753 371 737
1420 1547 191 450
1241 1310 46 226
1260 1321 18 80
583 655 87 218
1499 1588 109 251
1084 1386 354 967
1566 1748 346 731
877 1035 57 356
790 897 79 428
1417 1540 159 416
1235 1310 49 256
1500 1604 105 248
1245 1322 21 103
1305 1529 260 827
909 1095 362 869
1578 1811 400 762
857 970 22 295
1427 1542 177 343
1234 1311 53 249
1295 1368 38 100
860 964 3 97
1518 1859 419 949
1140 1412 350 962
909 1179 570 1056
1095 1241 318 693
1567 1754 353 711
863 1015 326 724
1466 1668 196 419
881 977 1 223
1636 1724 197 406
1244 1321 2 141
1188 1271 45 166
1370 1415 18 89
1315 1598 404 943
1566 1810 294 711
1130 1353 350 833
909 1037 90 493
1395 1546 210 469
1214 1306 46 184
1059 1145 1 97
886 957 1 107
1251 1324 13 80
441 739 478 1056
1417 1600 295 817
1274 1474 373 855
1619 1806 273 721
1443 1559 180 409
865 949 1 226
1244 1321 1 154
1077 1158 1 123
1198 1258 48 171
1640 1713 197 415
1678 1769 272 477
1050 1276 328 927
1471 1709 337 850
1 260 417 950
1346 1545 368 840
1631 1894 339 725
1363 1526 181 412
1670 1776 239 467
874 964 5 257
1226 1317 53 168
935 1003 1 230
1262 1336 5 112
1127 1208 1 116
844 1263 472 1056
1168 1362 320 770
1579 1770 322 693
920 1079 246 696
1390 1523 184 399
1520 1611 122 267
1093 1210 42 162
1227 1288 11 146
1418 1484 36 131
1663 1812 259 666
1689 1784 232 388
1358 1408 37 105
856 1199 374 1056
1172 1367 333 886
1581 1769 314 705
921 1080 248 545
1371 1578 237 395
1223 1302 58 257
1516 1621 116 256
1233 1288 16 87
1354 1409 47 118
1408 1465 51 128
1418 1471 5 90
1673 1814 280 676
1691 1787 249 421
1141 1441 340 884
791 975 136 700
1585 1749 316 693
1005 1140 243 822
1414 1535 189 426
1241 1312 49 193
874 945 1 111
1230 1274 16 105
1527 1627 127 253
1658 1794 264 662
1390 1439 19 111
1355 1423 40 122
1286 1558 305 787
1058 1284 275 832
1564 1745 317 705
1660 1819 277 693
863 997 1 306
1445 1556 176 387
1238 1302 48 257
1514 1620 109 245
1232 1274 21 100
1363 1408 48 106
1370 1410 13 77
1391 1670 338 810
1149 1389 298 869
1574 1741 308 672
1450 1580 178 395
1101 1178 1 132
1190 1263 46 179
1231 1301 12 154
1726 1831 266 456
1788 1920 366 661
1493 1596 89 238
1665 1734 189 328
1356 1572 274 784
1736 1874 326 625
1387 1543 174 444
1208 1305 57 236
1494 1613 82 238
1671 1777 243 490
1797 1920 389 677
1360 1575 278 792
1739 1899 326 616
1363 1488 203 487
1672 1803 256 484
1495 1613 85 262
1209 1301 56 233
1616 1726 162 402
1793 1920 398 689
1534 1742 257 702
1739 1883 336 621
1393 1550 205 420
1206 1288 49 208
1471 1586 95 272
1508 1581 97 206
1403 1493 56 185
1681 1767 231 356
1852 1920 387 516
1784 1920 441 669
1541 1750 264 711
1734 1889 337 623
755 890 75 420
1419 1558 183 406
1201 1286 57 179
1510 1579 90 225
1174 1251 1 42
1546 1746 274 707
1737 1882 341 610
1377 1547 198 406
1171 1251 43 171
1658 1728 200 330
1068 1116 7 91
1493 1588 87 206
1537 1755 276 709
1708 1867 310 676
1457 1666 213 389
1239 1304 54 254
1708 1766 241 361
1248 1305 22 74
1512 1616 96 213
1420 1467 48 113
1549 1768 281 706
1232 1310 45 206
1049 1130 1 106
1364 1466 144 427
1385 1462 31 132
1328 1384 23 85
1253 1303 14 61
1503 1588 85 257
1559 1757 282 706
1238 1314 46 223
1026 1092 1 87
1373 1458 202 415
1485 1594 93 253
1250 1318 10 124
1356 1509 145 388
1478 1589 88 338
1218 1304 33 258
1251 1319 11 108
1341 1437 7 122
1641 1770 207 476
1351 1483 172 472
1630 1761 211 464
1469 1579 81 254
1143 1216 44 164
1193 1259 1 63
1340 1497 166 475
1631 1766 225 467
1104 1231 36 167
1413 1474 26 133
1489 1579 90 320
476 746 546 1056
1371 1549 181 474
1136 1208 42 170
801 866 1 104
1166 1266 44 177
906 979 1 126
1628 1702 184 466
812 1072 227 893
1260 1397 93 364
1184 1282 47 179
1478 1571 107 258
810 873 1 114
868 928 1 124
1190 1481 254 841
1395 1536 175 462
1480 1560 102 215
1127 1198 34 169
1154 1211 1 48
1575 1811 261 716
1385 1532 179 436
1181 1303 50 213
1451 1549 86 208
1142 1198 5 71
1190 1249 1 57
1085 1153 1 64
817 1131 459 1056
837 1065 243 655
1567 1772 254 710
1396 1547 175 418
1165 1278 47 182
925 973 1 98
1154 1224 1 57
1212 1258 1 51
1565 1779 250 702
821 975 116 587
757 876 68 436
1363 1497 172 447
1164 1272 45 177
919 967 1 100
1172 1218 2 44
1593 1788 263 690
1388 1535 166 463
1165 1276 49 179
1169 1276 49 173
1690 1846 266 577
932 997 1 35
1231 1308 101 254
1125 1195 43 151
841 894 1 100
1670 1821 235 529
1376 1513 160 473
1680 1816 267 570
1122 1199 39 151
755 991 159 703
1118 1196 34 167
1662 1795 234 543
755 973 182 712
1124 1198 43 159
1593 1691 151 292
745 918 171 689
1123 1197 36 154
1354 1439 1 126
927 989 1 123
405 659 653 1049
877 1018 31 344
1387 1531 177 475
746 876 89 412
1176 1253 44 168
1250 1314 20 161
1192 1264 5 57
34 349 465 965
1365 1505 163 463
1496 1572 96 255
1139 1222 47 163
136 379 471 931
1408 1548 151 467
1489 1584 89 251
1149 1238 39 170
999 1057 1 49
179 442 446 989
1425 1551 158 387
1495 1560 96 233
1126 1195 42 156
820 884 1 116
174 451 440 986
1380 1515 146 455
1502 1575 95 305
1129 1205 42 155
176 447 485 1008
1343 1444 141 467
1497 1606 103 273
1129 1202 42 161
226 465 428 964
1363 1492 151 464
1 96 621 847
1133 1217 43 155
12 349 534 966
1371 1510 151 472
1127 1218 34 171
1 110 514 843
1 323 568 955
1355 1485 145 478
1234 1320 1 163
1132 1214 41 167
1 276 515 951
1342 1463 151 473
885 988 1 258
1119 1202 35 144
808 980 174 590
1715 1908 359 683
1388 1533 170 491
1651 1775 384 589
1239 1311 48 256
1099 1174 1 119
981 1140 185 632
936 1077 96 297
1732 1828 259 445
1270 1327 29 123
810 954 157 556
1746 1919 350 687
1374 1521 167 470
1686 1868 275 578
1227 1303 47 256
1237 1299 1 87
1276 1323 35 120
861 937 1 166
1670 1839 290 612
1383 1544 170 472
883 983 10 267
1139 1250 34 172
1588 1708 184 307
1486 1596 103 256
1221 1306 2 156
1667 1744 344 492
1014 1118 1 108
1316 1411 1 116
895 1057 109 492
1345 1475 171 475
1211 1308 52 205
1495 1600 108 247
1064 1151 1 122
1223 1308 5 114
1629 1705 193 459
1489 1564 96 261
1603 1791 330 713
1416 1557 181 400
1236 1319 44 248
1407 1469 57 141
1248 1326 23 108
1003 1069 7 69
921 982 1 97
814 879 1 110
1587 1767 309 712
1441 1561 193 398
1239 1301 53 254
855 921 1 181
1287 1351 19 123
1036 1090 3 69
1580 1758 300 703
1442 1554 184 405
1227 1307 51 259
1276 1334 18 127
1033 1103 2 81
1580 1786 326 698
1429 1550 179 386
1229 1311 52 176
1275 1336 21 113
1037 1093 9 76
1147 1215 2 66
1214 1257 2 50
1583 1781 319 714
1400 1528 167 451
1216 1288 48 183
1278 1346 18 131
1032 1094 1 77
1129 1185 1 66
1581 1783 318 703
1444 1584 180 404
1166 1266 35 181
1430 1529 65 191
879 968 1 118
1041 1114 1 93
1101 1166 1 51
995 1054 1 43
923 1252 575 1043
27 348 546 985
1576 1811 277 788
1318 1546 306 811
1359 1518 211 549
1769 1917 369 649
1203 1303 61 251
1075 1145 1 124
965 1027 1 107
1578 1783 271 728
1521 1656 131 315
1379 1509 153 408
1648 1763 206 431
901 996 1 223
1146 1261 40 176
1226 1324 5 155
1344 1403 20 126
1766 1920 368 665
864 1083 266 843
1540 1764 359 780
1336 1511 196 418
1634 1727 201 458
1136 1252 38 174
1488 1564 75 246
1224 1281 1 152
1537 1628 103 257
1686 1789 211 436
1575 1785 313 716
1434 1570 167 403
1462 1552 66 254
1180 1267 38 185
1391 1452 1 116
1254 1334 13 157
1765 1920 372 657
892 1003 38 355
1402 1529 183 449
1477 1554 77 231
1181 1255 48 174
1380 1447 15 135
1767 1920 368 659
1341 1485 183 471
864 975 22 319
1477 1576 78 244
1182 1267 45 174
477 773 570 1053
1507 1815 604 1003
1347 1495 177 470
1 158 586 848
1120 1208 45 162
1507 1843 558 1007
873 1094 290 907
810 954 157 596
1224 1451 127 474
1126 1203 35 144
903 1202 481 1056
1362 1590 336 801
919 1097 216 664
1533 1706 296 687
1415 1555 181 466
1189 1271 52 190
1362 1580 331 800
1531 1742 313 689
864 1008 61 477
1422 1558 177 446
1189 1278 52 166
858 936 21 181
1359 1592 323 800
1533 1728 313 690
1415 1556 172 475
902 977 1 251
1195 1281 44 184
1077 1156 1 118
1308 1620 331 854
1619 1829 313 715
829 977 28 411
1390 1540 190 423
1225 1306 50 242
1097 1164 1 124
1255 1325 1 104
966 1049 1 72
1065 1354 362 915
1543 1757 283 708
1347 1568 339 703
1103 1436 854 1056
1780 1917 371 674
1432 1567 172 420
1167 1255 43 175
1271 1347 33 133
1192 1545 643 1023
1151 1227 4 104
1041 1345 348 921
1540 1756 282 715
1349 1571 329 726
1776 1920 380 667
1440 1570 182 335
1198 1293 46 166
1284 1358 36 116
1095 1458 883 1056
1199 1562 666 942
1154 1232 5 88
928 1001 1 115
1054 1394 386 926
1199 1627 698 1056
1556 1765 286 729
1345 1577 327 739
1421 1556 172 420
1209 1303 42 231
1142 1229 1 131
1157 1445 923 1056
1238 1313 33 113
1770 1920 379 674
1034 1516 680 1013
15 289 421 959
1382 1595 265 786
1542 1750 295 701
1396 1548 182 427
1562 1645 134 279
1200 1281 48 172
895 954 1 111
1255 1328 28 113
1062 1341 912 1056
1759 1913 354 644
1158 1222 9 87
10 346 451 976
1327 1637 323 780
1542 1750 301 705
1346 1483 162 393
1206 1275 51 168
1258 1318 25 104
1067 1343 935 1056
1080 1480 685 981
1759 1905 359 646
1372 1437 26 135
1158 1231 10 84
1070 1528 669 1056
51 383 454 979
1351 1635 306 744
1550 1757 296 700
1754 1917 353 646
1440 1564 183 439
1178 1255 49 172
1247 1318 27 135
1179 1645 810 1056
1159 1234 7 83
1063 1493 665 1056
1379 1649 308 774
1559 1731 282 712
1361 1499 182 476
1205 1296 85 218
1250 1319 30 99
1148 1252 1 69
1764 1914 353 645
1203 1477 839 1056
950 1285 874 1055
1533 1792 276 733
1720 1910 337 726
1257 1503 184 429
1227 1307 47 168
910 972 1 102
1071 1444 674 970
1257 1319 28 110
1193 1244 1 50
1548 1764 257 709
1246 1558 552 864
1756 1908 345 668
1383 1531 194 421
881 990 1 226
1219 1299 1 140
1182 1269 44 174
1488 1560 90 211
1401 1456 21 129
1123 1484 796 1056
1172 1660 737 1056
1537 1760 259 717
1254 1556 530 864
1766 1909 343 671
1399 1539 183 448
1209 1313 42 215
1484 1567 80 227
1256 1328 1 120
1395 1454 18 112
886 999 1 234
1178 1537 741 1056
1557 1777 251 703
1442 1663 192 507
1756 1914 338 675
1234 1313 65 257
1219 1313 1 115
1003 1108 1 103
1209 1511 534 936
1189 1529 684 1056
1271 1577 495 817
1557 1765 259 703
1755 1920 336 644
1413 1554 172 461
1241 1316 55 239
1232 1316 2 130
1031 1129 1 110
820 898 1 115
1345 1471 180 471
1200 1295 51 197
866 959 1 197
1510 1623 107 267
1177 1251 1 75
1782 1920 407 675
1342 1472 177 483
1213 1305 56 201
931 991 1 221
1026 1091 1 69
1005 1047 1 59
1512 1590 97 258
1744 1916 381 661
1347 1496 164 472
1489 1589 87 261
1153 1257 43 173
1100 1182 1 130
773 837 1 147
1315 1379 5 105
1436 1480 13 123
1060 1132 2 122
1735 1902 327 645
1357 1501 167 464
1153 1283 42 175
1093 1180 1 118
1503 1606 94 261
1346 1401 22 128
1297 1368 1 103
1183 1246 3 44
1738 1883 314 633
1352 1497 159 472
1094 1175 1 143
1165 1250 36 172
1497 1625 92 264
1733 1898 326 641
1349 1493 164 471
1095 1189 1 153
1194 1276 46 178
824 895 1 115
878 932 1 103
1481 1592 93 261
1736 1887 325 639
1355 1494 162 472
1493 1610 88 254
1214 1303 50 214
1096 1175 1 129
821 901 1 133
1737 1901 317 644
1355 1485 163 474
1238 1299 50 259
1226 1283 1 85
1497 1629 93 255
1739 1904 319 642
1347 1480 182 468
1238 1314 46 258
1492 1614 112 271
1233 1295 1 132
1736 1898 304 640
1348 1476 188 481
1247 1307 56 251
1229 1285 1 136
1496 1607 95 261
1735 1912 340 640
1347 1481 180 483
1239 1304 55 256
1230 1287 1 101
1384 1454 2 129
889 1324 426 1056
1318 1624 449 1030
1363 1513 157 460
1635 1767 223 463
1494 1581 72 246
1147 1215 48 162
1178 1232 1 57
1416 1686 307 797
1348 1469 176 427
1161 1238 43 177
1588 1915 380 919
1489 1599 85 267
1372 1444 16 133
1173 1231 1 42
766 819 1 116
1504 1758 353 836
1645 1867 322 784
852 975 22 368
1402 1554 211 409
1497 1586 82 254
1152 1239 43 170
1067 1105 1 36
1516 1813 350 838
1648 1864 312 790
1394 1558 184 456
1495 1602 93 262
1141 1228 38 172
1599 1816 279 740
1767 1920 350 662
1397 1550 196 412
1153 1242 45 171
1578 1793 279 726
1759 1920 339 666
1409 1565 187 466
1157 1231 45 171
1599 1822 278 738
1450 1659 209 484
1762 1920 344 661
772 870 1 138
1152 1236 45 170
1612 1823 275 739
1438 1617 193 472
1763 1920 353 667
797 915 1 210
884 969 1 207
1141 1238 38 174
1604 1814 276 742
926 1042 59 396
814 935 71 384
1768 1914 345 662
1447 1565 180 459
1158 1239 45 169
797 1064 217 685
1761 1920 357 666
919 1076 118 563
1681 1841 290 563
1430 1544 195 413
1104 1183 42 139
968 1188 441 998
1768 1918 358 664
989 1163 198 540
1675 1854 287 570
1432 1555 200 418
1120 1192 42 155
1083 1318 316 855
937 1140 422 995
1760 1920 353 666
1349 1502 164 404
1671 1806 257 563
1121 1186 42 165
1082 1348 323 858
941 1141 421 1000
1392 1541 175 472
1112 1197 33 153
1666 1818 257 562
1764 1920 357 662
1411 1719 407 964
933 1225 429 1000
1101 1354 337 807
1731 1893 324 650
1352 1481 179 474
1693 1783 244 481
1116 1189 36 159
260 667 441 1039
1216 1597 523 1013
1559 1723 285 694
1416 1549 186 468
1190 1274 48 181
1684 1780 219 347
1256 1707 837 1056
1729 1903 337 637
1213 1602 510 1026
502 838 546 1056
1564 1728 279 703
1711 1920 359 661
1415 1560 183 469
1191 1276 41 189
1219 1715 853 1056
1212 1516 663 1050
1275 1512 480 835
1683 1838 289 617
1426 1562 179 465
1659 1768 216 478
1192 1277 50 173
1273 1541 530 824
1583 1776 301 698
1420 1542 181 467
1191 1275 48 175
1479 1546 89 208
1229 1505 726 1056
1208 1576 497 1033
1588 1779 299 702
1411 1566 176 473
1125 1200 53 171
1385 1443 22 132
1422 1480 1 110
1315 1720 830 1056
936 1007 1 117
1204 1492 618 1056
1302 1561 353 718
1395 1540 179 462
979 1059 1 80
1617 1710 198 364
1725 1920 466 780
1300 1634 468 996
1369 1590 305 584
1362 1512 178 430
682 955 915 1056
1051 1135 3 117
811 1152 411 1056
1301 1612 480 985
1419 1607 310 600
1339 1462 179 473
1049 1129 1 113
1114 1457 534 1056
1611 1809 316 698
1227 1409 349 732
822 945 57 512
1416 1573 164 461
926 1004 5 231
1157 1268 41 185
1231 1301 1 159
791 848 1 140
1565 1762 324 740
1436 1580 192 429
878 949 1 151
1221 1299 51 257
1051 1123 1 94
1266 1319 33 128
57 320 465 933
1428 1541 179 434
852 950 5 257
1247 1324 1 159
1161 1247 45 172
892 959 2 203
1172 1220 1 49
1673 1802 272 544
1636 1746 200 416
1152 1484 358 968
1590 1784 317 706
1387 1564 212 399
1228 1310 51 256
1266 1330 17 124
1725 1906 336 612
850 1098 632 1056
1336 1530 301 819
1584 1767 326 702
1456 1579 184 394
1175 1261 45 168
1148 1205 1 68
153 501 581 1028
1330 1587 299 823
1615 1804 330 693
1436 1567 182 433
1179 1265 47 171
1288 1342 1 141
1331 1380 10 93
1415 1471 10 109
1136 1194 3 67
1560 1763 273 719
1358 1537 311 749
1404 1532 173 322
1184 1271 40 169
1546 1770 277 717
1376 1584 346 788
1403 1547 175 459
1183 1270 42 170
896 948 1 110
1705 1799 248 378
1378 1644 408 841
1557 1773 271 721
1399 1542 178 476
1164 1266 46 169
911 969 1 114
1654 1751 219 408
1381 1625 380 842
1573 1776 282 719
1427 1569 185 455
1183 1263 45 169
932 997 1 111
1658 1768 215 406
1384 1628 385 836
1567 1753 288 719
1378 1495 93 454
1194 1260 48 168
1718 1795 261 384
1516 1755 380 774
1697 1807 253 587
1642 1739 199 444
1180 1258 42 176
1536 1606 138 267
1570 1749 339 706
1729 1920 372 684
1351 1498 126 469
1530 1699 143 293
1186 1263 48 174
1713 1834 278 523
1132 1188 2 62
1568 1765 350 706
1351 1495 200 474
917 1007 2 213
1195 1275 47 184
1713 1828 272 440
1766 1920 361 664
1339 1448 11 123
1566 1779 342 708
1754 1920 340 645
1354 1498 206 478
1143 1234 42 171
1071 1147 1 116
1712 1819 262 406
1567 1759 342 711
1398 1553 194 480
1660 1800 255 413
1164 1300 48 173
1234 1314 1 126
1759 1920 358 666
1567 1773 346 710
1392 1551 190 476
1143 1232 43 168
1230 1310 1 170
1442 1518 66 202
1733 1874 308 639
1568 1758 332 710
1383 1554 194 469
1227 1295 2 160
1149 1216 43 168
1727 1920 324 641
1586 1788 327 697
1724 1903 313 632
1403 1547 177 475
1238 1307 50 255
1227 1299 2 79
1593 1773 349 697
1431 1584 181 460
1232 1301 58 251
1228 1299 1 83
1719 1871 300 632
1588 1774 334 698
1413 1550 164 472
1731 1872 300 638
1231 1313 48 253
875 945 1 167
1221 1316 1 100
1593 1766 327 700
1425 1559 180 464
1223 1311 42 190
841 914 1 138
1233 1312 1 90
1728 1890 302 635
1628 1788 380 725
1429 1560 184 469
1765 1886 302 636
1234 1304 53 250
1234 1311 1 93
1627 1790 373 725
1431 1557 188 469
1234 1295 1 91
1223 1290 48 207
1767 1885 306 624
818 1022 210 675
1628 1799 352 728
769 926 73 378
1764 1879 315 634
1185 1269 57 186
1229 1303 7 95
1442 1644 234 461
950 1228 360 955
1692 1837 314 657
1402 1544 182 471
1178 1272 59 187
1232 1290 5 134
1733 1885 302 628
1395 1559 193 466
1193 1262 48 170
1322 1396 1 93
1626 1780 254 462
1741 1920 349 655
157 540 561 1018
1396 1562 196 469
1643 1771 242 473
1198 1263 49 169
1736 1912 351 649
2 141 551 881
1122 1459 451 1013
759 1045 530 1056
1730 1892 325 648
1359 1508 161 460
1636 1774 244 480
1182 1261 39 180
1228 1463 322 848
1341 1578 291 768
1732 1903 315 635
1638 1737 225 470
1215 1304 61 253
1488 1586 132 289
1362 1590 293 758
1297 1489 297 775
1725 1879 312 626
1209 1303 56 254
1624 1754 236 455
1395 1467 24 123
1181 1518 401 929
985 1199 278 818
1727 1901 320 632
1410 1558 128 415
1636 1766 244 475
1171 1257 47 173
1268 1540 329 826
1731 1898 318 632
1371 1508 186 459
1625 1755 240 477
1187 1286 48 203
1149 1208 2 68
1713 1873 310 610
1357 1514 207 467
1638 1761 225 467
1186 1281 47 185
1309 1537 371 807
1300 1560 348 809
1714 1914 322 612
1388 1544 189 447
1631 1776 224 465
1188 1281 48 183
1302 1562 353 804
1705 1911 322 611
1388 1525 187 418
1638 1780 230 465
1187 1272 50 177
1321 1564 375 810
1711 1886 312 610
1368 1523 180 455
1628 1795 244 468
1185 1267 48 177
1315 1542 372 803
1705 1879 333 610
1364 1509 166 449
1634 1772 250 467
1188 1265 51 171
1466 1711 335 789
1711 1897 316 616
1355 1511 187 460
1186 1272 45 178
1659 1797 243 441
1552 1776 423 765
1382 1525 203 481
1652 1783 252 457
1186 1273 48 180
1730 1849 296 552
1570 1731 502 771
1644 1755 197 476
1429 1532 179 403
1188 1266 49 180
1385 1608 287 771
1545 1768 310 748
1428 1538 188 436
1177 1265 50 177
1605 1684 154 275
1671 1757 219 331
1542 1757 317 744
1390 1568 270 754
1386 1529 192 465
1639 1766 227 426
1183 1265 51 182
1346 1402 15 94
1499 1709 318 781
1375 1538 188 467
1640 1774 312 689
1191 1271 49 178
1652 1746 219 373
1500 1711 316 780
1663 1767 307 571
1435 1542 184 409
1189 1267 50 172
1654 1758 237 325
1503 1707 308 776
1675 1767 310 496
1429 1547 183 402
1193 1271 49 176
1681 1775 254 346
1500 1700 318 778
1667 1772 307 576
1440 1540 177 399
1188 1269 49 180
1669 1764 236 355
1594 1855 411 836
1550 1773 310 750
1420 1532 172 409
1642 1759 228 403
1187 1267 48 183
1258 1345 1 101
1542 1773 303 739
1642 1817 312 697
1433 1551 164 401
1187 1272 47 183
1545 1764 310 736
1651 1826 305 698
1450 1567 188 402
1190 1267 50 174
1695 1775 252 348
1546 1792 328 752
1767 1920 387 675
1410 1544 178 480
1634 1754 228 474
1185 1264 50 178
1277 1346 1 107
1537 1763 318 750
1413 1550 196 494
1783 1918 394 694
1222 1298 55 244
1650 1789 232 379
1551 1790 362 758
1415 1546 184 487
1635 1772 224 463
1794 1920 411 692
1121 1185 43 146
1381 1536 179 478
1728 1886 336 621
1636 1777 242 469
1790 1920 410 690
1115 1185 40 129
1731 1903 318 627
1356 1489 179 462
1633 1759 231 468
1123 1191 42 154
1729 1897 321 624
1348 1481 186 470
1635 1764 231 466
1122 1190 42 133
1799 1919 398 689
1231 1580 510 1056
1732 1877 323 628
1342 1483 167 467
1635 1780 234 470
1786 1920 384 692
1116 1193 33 156
1413 1465 12 126
1431 1662 274 796
1271 1494 357 855
1731 1877 324 625
1348 1485 176 410
1786 1920 383 685
1646 1757 232 462
1117 1206 40 153
1629 1855 315 754
1354 1580 335 775
1400 1534 197 431
1645 1772 233 462
1116 1208 40 155
1664 1877 314 733
1551 1756 321 702
922 1046 63 341
1414 1545 203 462
1666 1775 248 380
1705 1804 290 593
1548 1768 319 699
1686 1862 313 713
1328 1515 187 417
1488 1580 107 258
1249 1327 127 258
1566 1656 155 275
1666 1759 236 315
1543 1761 313 697
1681 1846 297 688
1395 1551 197 418
879 977 49 339
1656 1749 239 395
1290 1376 3 120
1341 1418 18 115
1618 1831 357 749
1390 1554 172 464
1629 1760 234 462
1763 1857 302 525
1594 1779 315 719
1667 1860 290 672
1460 1558 181 388
1668 1781 258 388
1671 1857 306 630
1346 1472 179 477
1637 1758 235 463
1221 1284 1 155
870 1089 358 882
1334 1479 158 465
806 878 1 121
1646 1773 240 468
1089 1178 51 144
1123 1181 1 66
1344 1476 137 467
882 1003 96 429
1634 1764 233 493
1168 1244 56 171
1664 1803 263 596
894 976 79 387
1627 1741 231 470
1124 1212 42 170
905 976 3 116
881 981 62 368
1132 1208 40 146
1630 1716 200 405
1776 1920 389 723
870 957 52 337
1132 1210 36 148
1644 1769 221 402
1778 1920 359 672
1337 1489 159 469
852 970 35 293
1123 1194 38 157
1651 1775 244 426
